$ 1 2.8125e-7 0.08824969025845955 50 5 50 5e-11
v 304 288 400 288 0 0 40 12 0 0 0.5
w 304 288 304 352 0
w 304 352 400 352 0
w 304 416 304 480 0
w 304 480 480 480 0
w 400 288 480 288 0
w 400 352 400 384 0
w 400 384 400 416 0
w 400 384 496 384 0
w 480 288 496 288 0
w 480 480 496 480 0
p 496 480 496 384 3 0 0 10000000
p 496 288 496 384 3 0 0 10000000
v 304 416 400 416 0 0 40 12 0 0 0.5
v 816 528 816 448 0 1 40000 1 1.6 0 0.5
c 816 448 816 384 4 1e-7 1.5622954265564108 0.001 0
r 816 320 816 384 0 1000
w 752 448 752 528 0
w 752 320 752 384 0
x 682 404 739 407 4 12 VRT_GND
w 496 384 544 384 0
w 576 416 736 416 0
g 400 384 304 384 0 0
w 816 448 880 448 0
w 832 528 880 528 0
p 880 448 880 528 3 0 0 10000000
403 960 448 1136 560 0 25_1_0_12290_2.5998766324762244_0.0001_-1_1
w 816 384 880 384 0
w 832 320 880 320 0
p 880 384 880 320 3 0 0 10000000
403 960 304 1136 416 0 29_1_0_12290_0.9991200038232787_0.0001_-1_1
w 768 528 816 528 0
w 816 528 832 528 0
w 768 528 752 528 0
w 752 320 816 320 0
w 816 320 832 320 0
w 736 416 752 416 0
w 752 416 752 448 0
w 752 416 752 384 0
x 836 495 861 498 4 12 DAC
w 544 384 544 416 0
w 544 416 576 416 0
w 544 384 704 384 0
w 704 384 704 272 0
409 1296 416 1424 416 1 9 -14.617071882856004 0.023100000000000002 0
w 496 288 496 192 0
w 496 480 496 688 0
w 496 752 1072 752 0
w 1360 144 1360 384 0
w 1360 144 496 144 0
w 496 144 496 192 0
w 880 384 880 416 0
w 880 416 1216 416 0
w 1216 416 1216 432 0
w 1216 432 1296 432 0
w 1424 416 1424 352 0
r 1424 352 1344 352 0 1000000
w 1296 352 1296 400 0
w 1344 352 1296 352 0
w 704 272 1152 272 0
w 1152 272 1152 352 0
r 1296 272 1200 272 0 100000
w 1424 416 1456 416 0
w 1200 272 1200 96 0
w 1456 96 1456 368 0
p 1456 416 1456 368 3 0 0 10000000
403 1488 576 1648 672 0 65_1_0_12290_11.07658064782345_0.0001_-1_1
w 1456 96 1200 96 0
x 1364 395 1395 398 4 12 \p12V\s
x 1366 645 1397 648 4 12 \p12V\s
x 1366 449 1394 452 4 12 -12V\s
x 1367 703 1395 706 4 12 -12V\s
x 1221 425 1289 428 4 12 DAC\sSignaal
x 1207 295 1264 298 4 12 VRT_GND
409 1296 672 1424 672 1 9 -8.181286137106799 0.023100000000000002 0
w 1360 752 1360 704 0
w 1360 384 1408 384 0
w 1152 352 1152 624 0
x 1209 707 1266 710 4 12 VRT_GND
w 1296 352 1296 272 0
w 1152 272 1200 272 0
w 1424 672 1424 608 0
r 1424 608 1344 608 0 5100
r 1296 656 1216 656 0 5100
w 1152 624 1152 688 0
w 1152 832 1424 832 0
w 1424 832 1424 720 0
p 1424 672 1424 720 3 0 0 10000000
w 1232 688 1296 688 0
w 1296 608 1344 608 0
w 1296 608 1296 656 0
403 1488 672 1648 768 0 87_1_0_12290_10.64822915033729_0.0001_-1_1
w 1872 544 1872 752 0
w 1440 432 1488 432 0
w 1488 432 1488 400 0
w 1488 400 1664 400 0
w 1664 400 1872 400 0
w 1872 464 1872 544 0
w 1424 416 1424 464 0
w 1424 464 1296 464 0
w 1296 464 1296 528 0
w 1440 432 1392 432 0
w 1392 432 1392 448 0
w 1392 448 1360 448 0
w 1408 384 1408 480 0
w 1408 480 1360 480 0
w 1360 480 1360 640 0
w 1872 464 1872 400 0
w 496 688 496 752 0
w 1152 768 1152 832 0
w 1232 688 1152 688 0
w 1152 688 1152 768 0
w 1216 656 1216 528 0
w 1216 528 1296 528 0
w 1360 752 1360 864 0
w 1360 864 1664 864 0
w 1664 864 1872 864 0
w 1360 864 1072 864 0
w 1072 752 1072 864 0
x 1209 883 1266 886 4 12 VRT_GND
x 1223 601 1255 604 4 12 1OUT
x 1552 568 1584 571 4 12 1OUT
x 1617 901 1649 904 4 12 1OUT
x 1563 783 1595 786 4 12 2OUT
w 1872 864 1872 752 0
w 1424 672 1456 672 0
w 1456 672 1456 496 0
w 1456 496 1984 496 0
w 1456 416 1984 416 0
w 2112 496 2192 496 0
w 2112 416 2192 416 0
p 2192 416 2192 496 3 0 0 10000000
w 1984 416 2112 416 0
w 1984 496 2112 496 0
x 2035 431 2142 434 4 12 Transducer\sPlus\sPin
x 2035 491 2138 494 4 12 Transducer\sMin\sPin
403 2272 416 2464 544 0 131_1_0_12290_21.72417372480666_0.0001_-1_1
403 2032 320 2192 416 0 65_1_0_12290_11.07658064782345_0.0001_-1_1
403 2032 512 2192 608 0 87_1_0_12290_10.649040271054346_0.0001_-1_1
x 2303 402 2413 405 4 12 Differentieel\sSignaal\s
w 528 960 528 1136 0
g 432 1232 336 1232 0 0
w 528 1232 576 1232 0
v 336 1264 432 1264 0 0 40 12 0 0 0.5
p 528 1136 528 1232 3 0 0 10000000
p 528 1328 528 1232 3 0 0 10000000
w 512 1328 528 1328 0
w 512 1136 528 1136 0
w 432 1232 528 1232 0
w 432 1232 432 1264 0
w 432 1200 432 1232 0
w 432 1136 512 1136 0
w 336 1328 512 1328 0
w 336 1264 336 1328 0
w 336 1200 432 1200 0
w 336 1136 336 1200 0
v 336 1136 432 1136 0 0 40 12 0 0 0.5
409 896 1232 1008 1232 1 0.6 -11.193986239735489 0.0231 0
w 528 960 752 960 0
w 944 1056 944 1200 0
w 528 1328 528 1536 0
w 944 960 944 1056 0
w 528 1536 752 1536 0
w 944 1536 944 1264 0
w 752 1536 944 1536 0
w 944 960 752 960 0
v 784 1424 864 1424 0 1 40000 0.06 0 0 0.159154943092
w 576 1232 656 1232 0
p 864 1360 784 1360 3 0 0 10000000
w 1008 1232 1008 1184 0
w 896 1184 896 1216 0
w 656 1232 656 1216 0
r 848 1216 896 1216 0 1000
w 656 1216 656 1024 0
w 656 1024 1040 1024 0
w 1008 1232 1040 1232 0
w 1040 1024 1040 1200 0
p 1040 1232 1040 1200 3 0 0 10000000
403 976 1360 1136 1440 0 177_1_0_12290_0.5781080741460664_0.0001_-1_1
w 848 1216 784 1216 0
w 768 1216 656 1216 0
403 976 1264 1136 1344 0 168_1_0_12290_0.06_0.0001_-1_1
x 754 1205 811 1208 4 12 VRT_GND
x 794 1384 854 1387 4 12 Transducer
w 768 1360 768 1312 0
w 880 1408 880 1360 0
c 880 1360 880 1312 4 1e-7 -0.0021780002144519937 0.001 0
r 864 1312 784 1312 0 1000
w 768 1360 768 1408 0
w 880 1312 880 1280 0
w 880 1408 880 1424 0
w 864 1360 880 1360 0
w 768 1408 768 1424 0
w 768 1360 784 1360 0
w 768 1312 768 1216 0
w 768 1216 784 1216 0
w 784 1312 768 1312 0
w 864 1312 880 1312 0
w 880 1248 896 1248 0
w 880 1280 880 1248 0
w 880 1424 864 1424 0
w 768 1424 784 1424 0
174 912 1184 992 1184 1 10000 0.9950000000000001 Resistance
w 912 1184 896 1184 0
w 960 1152 1008 1152 0
w 1008 1152 1008 1184 0
w 960 1168 960 1152 0
w 1040 1232 1440 1232 0
v 1392 1424 1488 1424 0 0 40 3.3 0 0 0.5
w 656 1232 656 1600 0
w 656 1600 1392 1600 0
r 1440 1296 1552 1296 0 1000
209 1552 1232 1440 1232 4 0.00001 1.6435544180825257 0.001 0 1
w 1552 1264 1584 1264 0
w 1552 1296 1552 1264 0
w 1552 1264 1552 1232 0
w 1440 1296 1440 1312 0
p 1584 1264 1584 1392 3 0 0 10000000
403 1664 1264 1904 1408 0 217_1_0_12290_2.2214765735232564_0.0001_-1_1
r 1488 1424 1488 1344 0 220.00000000000003
r 1392 1344 1392 1424 0 220.00000000000003
w 1488 1344 1440 1344 0
w 1440 1344 1440 1312 0
w 1440 1344 1392 1344 0
w 1392 1424 1392 1456 0
w 1392 1520 1392 1600 0
w 1392 1456 1584 1456 0
w 1584 1456 1584 1392 0
w 1392 1456 1392 1520 0
x 1327 1489 1384 1492 4 12 VRT_GND
x 1412 1405 1474 1408 4 12 3V3\sESP32
x 1394 1222 1429 1225 4 12 1OUT\s
x 1027 1261 1087 1264 4 12 Transducer
x 1027 1613 1087 1616 4 12 Transducer
x 1041 1359 1073 1362 4 12 1OUT
L 304 1856 304 1760 0 0 false 5 0
160 368 1872 256 1872 10 20 10000000000 2.5
R 256 1856 176 1856 0 1 40000 1 1.6 0 0.5
r 256 1888 256 1968 0 1000
x 259 1747 350 1750 4 12 GPIO\sPin\sESP32
x 162 1889 187 1892 4 12 DAC
w 368 1872 448 1872 0
x 418 1865 478 1868 4 12 Transducer
w 256 1968 256 2000 0
x 241 2017 269 2020 4 12 ADC\s
x 577 2017 605 2020 4 12 ADC\s
w 592 1968 592 2000 0
x 754 1865 814 1868 4 12 Transducer
w 704 1872 784 1872 0
x 498 1889 523 1892 4 12 DAC
x 595 1747 686 1750 4 12 GPIO\sPin\sESP32
r 592 1888 592 1968 0 1000
R 592 1856 512 1856 0 1 40000 1 1.6 0 0.5
160 704 1872 592 1872 10 20 10000000000 2.5
L 640 1856 640 1760 0 1 false 5 0
