$ 1 5.000000000000001e-7 0.18682459574322224 17 5 43 5e-11
v 32 240 112 240 0 0 40 12 0 0 0.5
v 32 320 112 320 0 0 40 12 0 0 0.5
409 400 288 544 288 1 9 -12.637317880032748 0.023100000000000002 0
w 112 320 112 288 0
w 112 288 32 288 0
w 32 288 32 240 0
w 32 320 32 384 0
w 32 384 464 384 0
w 464 384 464 320 0
w 112 240 112 192 0
w 112 192 464 192 0
w 464 192 464 256 0
w 112 288 208 288 0
w 544 288 544 240 0
w 400 272 304 272 0
w 304 272 304 288 0
r 304 288 208 288 0 100
w 544 288 544 352 0
w 112 320 256 320 0
w 256 352 304 352 0
w 304 352 496 352 0
p 544 352 496 352 3 0 0 10000000
w 256 320 256 352 0
w 256 320 256 304 0
r 256 304 400 304 0 10000
174 544 240 432 176 1 10000 0.005 Resistance
w 400 272 400 256 0
w 416 240 400 240 0
w 400 240 400 256 0
v 240 560 352 560 0 1 40000 0.015 0 0 0.5
w 352 560 352 608 0
w 240 560 240 608 0
p 352 608 240 608 3 0 0 10000000
w 352 560 352 512 0
w 352 448 352 416 0
w 352 416 400 416 0
w 400 416 400 304 0
w 240 560 240 512 0
w 240 512 112 512 0
w 112 512 112 320 0
w 352 512 352 448 0
w 544 240 544 176 0
w 544 176 480 176 0
w 544 288 608 288 0
v 656 288 656 368 0 0 40 3.3 0 0 0.5
r 656 288 752 288 0 1000
r 656 368 752 368 0 1000
w 752 368 752 336 0
w 752 336 752 288 0
w 608 288 656 288 0
w 752 336 832 336 0
w 496 352 496 400 0
w 496 400 832 400 0
p 832 336 832 400 3 0 0 10000000
x 840 401 985 404 4 24 Input\sfor\sADC
o 21 1 0 12290 1.4900917086886007 0.0001 0 2 32 0
o 53 1 0 12290 3.139934711953003 0.0001 1 2 54 3
