$ 1 1.0000000000000001e-7 0.625470095193633 17 5 43 5e-11
v 32 240 112 240 0 0 40 12 0 0 0.5
v 32 320 112 320 0 0 40 12 0 0 0.5
409 400 288 544 288 1 9 -11.47587205161323 0.023100000000000002 0
w 112 320 112 288 0
w 112 288 32 288 0
w 32 288 32 240 0
w 32 320 32 384 0
w 32 384 464 384 0
w 464 384 464 320 0
w 112 240 112 192 0
w 112 192 464 192 0
w 464 192 464 256 0
w 112 288 208 288 0
w 544 288 544 240 0
w 400 272 304 272 0
w 304 272 304 288 0
r 304 288 208 288 0 100
w 544 288 544 352 0
w 112 320 256 320 0
w 256 352 304 352 0
w 304 352 496 352 0
p 544 352 496 352 3 0 0 10000000
w 256 320 256 352 0
174 544 240 432 176 1 10000 0.06440000000000001 Resistance
w 400 272 400 256 0
w 416 240 400 240 0
w 400 240 400 256 0
v 240 560 352 560 0 1 40000 0.015 0 0 0.5
w 352 560 352 608 0
w 240 560 240 608 0
p 352 608 240 608 3 0 0 10000000
w 352 560 352 512 0
w 352 448 352 416 0
w 352 416 400 416 0
w 400 416 400 304 0
w 240 560 240 512 0
w 240 512 112 512 0
w 112 512 112 320 0
w 544 240 544 176 0
w 544 176 480 176 0
w 496 352 496 400 0
w 304 352 304 416 0
p 352 416 304 416 3 0 0 10000000
34 1N4007 1 1.8800000000000003e-8 0 2.1733316138642467 1000 1
d 576 368 576 320 2 1N4007
d 576 416 576 368 2 1N4007
r 544 288 608 288 0 1000
w 608 288 608 320 0
w 608 320 576 320 0
w 496 400 496 416 0
w 496 416 576 416 0
d 608 368 608 416 2 1N4007
d 608 320 608 368 2 1N4007
w 576 416 608 416 0
x 824 401 969 404 4 24 Input\sfor\sADC
p 816 336 816 400 3 0 0 10000000
w 736 336 816 336 0
w 736 336 736 288 0
w 736 368 736 336 0
r 640 368 736 368 0 1000
r 640 288 736 288 0 1000
v 640 288 640 368 0 0 40 3.3 0 0 0.5
w 816 416 816 400 0
209 352 512 352 464 4 0.00001 0.000054479619671842124 0.001 0 1
w 240 512 240 464 0
r 352 464 240 464 0 1000
w 352 464 352 448 0
w 608 288 624 288 0
w 624 288 640 288 0
w 608 416 624 416 0
w 624 416 816 416 0
p 624 288 624 416 3 0 0 10000000
o 21 2 0 4098 5 0.1 0 3 70 0 54 0
