$ 1 5.000000000000001e-7 0.12316236423470497 17 5 43 5e-11
v 32 240 112 240 0 0 40 12 0 0 0.5
v 32 320 112 320 0 0 40 12 0 0 0.5
409 400 288 544 288 1 9 -4.768525329050621 0.023100000000000002 0
w 112 320 112 288 0
w 112 288 32 288 0
w 32 288 32 240 0
w 32 320 32 384 0
w 32 384 464 384 0
w 464 384 464 320 0
w 112 240 112 192 0
w 112 192 464 192 0
w 464 192 464 256 0
w 112 288 208 288 0
w 208 416 256 416 0
w 368 304 400 304 0
w 544 288 544 240 0
r 544 240 480 240 0 10000
w 400 240 400 272 0
w 400 272 304 272 0
w 304 272 304 288 0
r 304 288 208 288 0 1000
w 544 288 544 352 0
w 112 320 256 320 0
w 256 352 304 352 0
w 304 352 496 352 0
p 544 352 496 352 3 0 0 10000000
w 208 304 208 288 0
p 368 304 224 304 3 0 0 10000000
w 368 416 368 480 0
w 256 416 256 480 0
409 656 288 800 288 1 9 -17.816894749517733 0.023100000000000002 0
w 464 384 720 384 0
w 720 320 720 384 0
w 720 256 720 192 0
w 720 192 464 192 0
r 800 224 704 224 0 1000
r 656 272 592 272 0 1000
w 800 288 800 224 0
w 704 224 656 224 0
w 656 224 656 272 0
w 544 288 592 288 0
w 592 288 592 272 0
w 208 288 208 112 0
w 208 112 560 112 0
w 560 112 560 304 0
w 560 304 656 304 0
w 496 352 496 432 0
w 496 432 800 432 0
w 800 432 800 352 0
p 800 288 800 352 3 0 0 10000000
w 368 416 368 304 0
p 368 624 256 624 3 0 0 10000000
v 256 576 368 576 0 1 40000 1.06 1.06 0 0.5
w 368 576 368 624 0
w 256 576 256 624 0
209 368 576 368 512 4 0.00001 0.596462314402072 0.001 0 1
w 368 512 256 512 0
r 256 512 256 576 0 10000
w 256 624 208 624 0
w 256 512 208 512 0
p 208 512 208 624 3 0 0 10000000
w 368 512 368 480 0
w 208 624 176 624 0
w 176 624 176 480 0
w 176 480 256 480 0
w 480 240 400 240 0
w 112 320 112 352 0
w 112 352 208 352 0
w 224 304 208 304 0
w 256 320 256 352 0
w 208 416 208 352 0
w 800 288 864 288 0
w 864 288 864 32 0
w 592 272 592 112 0
w 592 112 592 80 0
w 592 80 208 80 0
w 208 80 208 32 0
w 864 32 592 32 0
p 208 32 592 32 3 0 0 10000000
o 25 1 0 12290 11.025660068663294 0.0001 0 3 27 0 49 0
